0.674091	-0.149896	0.0119262
0.674091	-0.149896	0.0119262
0.674091	-0.149896	0.0119262
0.674091	-0.149896	0.0119262
0.674091	-0.149896	0.0119262
0.674091	-0.149896	0.0119262
0.674091	-0.149896	0.0119262
0.674091	-0.149896	0.0119262
0.674091	-0.149896	0.0119262
0.674091	-0.149896	0.0119262
0.674091	-0.149896	0.0119262
0.674091	-0.149896	0.0119262
0.674091	-0.149896	0.0119262
0.674091	-0.149896	0.0119262
0.674091	-0.149896	0.0119262
0.674091	-0.149896	0.0119262
0.674091	-0.149896	0.0119262
0.674091	-0.149896	0.0119262
0.674091	-0.149896	0.0119262
0.674091	-0.149896	0.0119262
0.674091	-0.149896	0.0119262
0.674091	-0.149896	0.0119262
0.674091	-0.149896	0.0119262
0.674091	-0.149896	0.0119262
0.674091	-0.149896	0.0119262
0.674091	-0.149896	0.0119262
0.674091	-0.149896	0.0119262
0.674091	-0.149896	0.0119262
0.674091	-0.149896	0.0119262
0.674091	-0.149896	0.0119262
0.674091	-0.149896	0.0119262
0.674091	-0.149896	0.0119262
0.674091	-0.149896	0.0119262
0.674091	-0.149896	0.0119262
0.674091	-0.149896	0.0119262
0.674091	-0.149896	0.0119262
0.674091	-0.149896	0.0119262
0.674091	-0.149896	0.0119262
0.674091	-0.149896	0.0119262
0.674091	-0.149896	0.0119262
0.674091	-0.149896	0.0119262
0.674091	-0.149896	0.0119262
0.674091	-0.149896	0.0119262
0.674091	-0.149896	0.0119262
0.674091	-0.149896	0.0119262
0.674091	-0.149896	0.0119262
0.674091	-0.149896	0.0119262
0.674091	-0.149896	0.0119262
0.674091	-0.149896	0.0119262
0.674091	-0.149896	0.0119262
0.674091	-0.149896	0.0119262
0.674091	-0.149896	0.0119262
0.674091	-0.149896	0.0119262
0.674091	-0.149896	0.0119262
0.674091	-0.149896	0.0119262
0.674091	-0.149896	0.0119262
0.674091	-0.149896	0.0119262
0.674091	-0.149896	0.0119262
0.674091	-0.149896	0.0119262
0.674091	-0.149896	0.0119262
0.674091	-0.149896	0.0119262
0.674091	-0.149896	0.0119262
0.674091	-0.149896	0.0119262
0.674091	-0.149896	0.0119262
